1000 9920
980 909
363 849
952 338
771 61
10 780
617 252
397 520
109 510
589 52
593 163
74 772
727 99
416 14
716 441
360 83
954 514
80 155
777 11
725 325
184 678
204 244
186 859
138 710
565 221
758 294
778 566
644 767
104 463
217 240
809 916
807 641
832 467
522 563
819 207
680 647
737 618
493 564
421 343
443 739
316 83
747 795
49 616
191 829
486 647
624 996
217 402
787 538
22 805
143 36
27 913
1000 807
511 161
761 190
752 592
3 846
616 870
107 365
804 93
335 943
844 846
27 556
358 62
585 74
159 59
605 23
37 731
480 424
150 211
693 756
876 590
436 579
606 611
958 712
443 397
797 598
146 936
749 964
812 117
79 406
281 459
500 761
466 953
271 800
113 564
555 413
607 570
466 584
39 149
831 137
281 741
800 563
488 447
161 15
354 536
108 527
579 222
7 601
142 960
234 865
366 290
5 72
189 315
548 978
517 45
186 895
243 834
448 362
946 553
692 5
288 195
273 913
943 500
468 980
456 948
995 989
299 978
429 927
781 330
196 958
658 151
515 802
607 72
359 435
87 896
696 127
643 134
607 217
919 77
981 500
782 767
162 988
382 867
476 252
153 775
173 188
179 983
239 591
665 744
614 393
944 614
248 242
999 65
395 223
508 572
720 892
992 241
205 764
22 402
462 213
466 232
305 174
785 612
269 587
755 658
827 33
614 235
210 229
85 919
813 418
626 733
328 104
185 993
987 549
685 84
121 567
765 230
513 227
496 95
650 268
281 423
870 419
928 119
972 663
23 662
229 138
848 284
497 194
149 457
209 214
907 661
431 563
214 161
90 115
760 551
251 940
363 694
536 248
132 259
63 277
393 249
886 945
542 349
32 6
199 106
627 599
833 212
709 809
963 569
748 961
529 277
951 892
296 298
887 398
778 974
763 132
156 814
772 210
239 943
627 885
888 947
631 901
339 893
729 133
303 926
933 51
809 125
530 67
467 161
507 672
329 128
352 712
95 489
761 133
889 440
301 346
856 175
657 450
628 595
370 895
288 479
223 528
704 146
905 925
783 932
989 591
416 463
167 548
723 396
119 751
284 832
945 954
876 662
680 441
55 467
976 528
704 559
558 318
547 43
900 315
826 126
976 943
684 112
831 483
686 482
428 310
357 104
930 16
988 798
521 597
315 620
485 308
622 335
224 407
860 448
440 395
480 924
389 62
906 232
47 694
377 212
786 578
167 249
705 562
555 374
88 556
534 867
405 187
653 24
31 900
117 63
459 20
728 491
411 937
968 750
203 11
575 307
961 123
134 703
658 61
472 88
678 56
825 468
667 265
260 865
833 33
601 61
217 260
435 253
18 815
992 654
518 992
16 276
328 580
996 118
192 117
527 963
14 690
314 693
900 695
279 282
925 772
271 97
676 158
969 492
54 403
439 464
437 265
135 827
463 478
447 997
893 533
965 120
878 742
548 39
330 520
44 262
466 176
659 803
127 675
42 995
847 407
194 110
447 296
28 990
953 435
185 793
385 303
743 908
862 266
581 859
927 867
988 786
310 867
594 52
849 147
9 468
82 258
49 510
882 349
319 64
865 89
894 716
471 261
879 120
590 197
830 340
99 682
191 154
893 300
716 452
309 203
426 41
503 5
621 354
103 975
590 487
796 354
618 916
623 357
192 661
431 446
223 937
18 113
222 465
98 195
759 26
757 353
231 494
291 600
364 2
56 307
312 669
403 582
958 308
583 89
161 904
182 786
681 209
21 812
445 304
178 77
877 461
291 950
585 926
306 233
608 617
201 901
996 960
583 268
732 970
570 554
457 252
793 890
888 312
724 166
249 770
641 702
456 420
205 727
650 932
282 352
836 975
250 573
395 3
183 160
556 446
595 32
998 111
784 305
507 990
630 463
825 660
21 423
189 773
962 519
687 892
488 130
894 270
971 735
682 646
275 292
812 5
264 563
634 843
817 409
720 364
95 636
499 200
302 958
618 327
15 351
952 367
219 304
592 822
829 951
934 314
277 83
748 681
877 843
289 162
772 713
898 796
703 83
635 889
38 496
358 820
87 494
270 186
810 361
402 18
83 811
651 589
47 844
38 703
925 279
85 106
839 11
606 452
679 264
536 554
158 423
727 266
288 307
682 399
64 763
135 703
706 281
501 139
625 335
454 115
737 629
973 781
860 361
299 866
249 83
411 300
657 84
895 204
622 524
199 709
517 728
390 922
486 819
676 327
681 495
865 154
957 362
839 906
361 949
5 713
757 13
760 287
689 805
338 141
178 196
937 77
145 555
262 386
254 152
442 14
171 580
64 564
466 888
283 850
567 34
805 761
699 106
167 901
522 481
529 751
536 317
955 309
902 476
405 860
483 596
836 80
450 311
379 391
849 219
689 370
263 419
376 595
856 224
397 877
312 315
43 61
121 897
608 509
871 294
995 431
461 503
445 978
564 408
433 938
30 340
661 478
886 519
298 20
744 124
651 536
1000 390
51 500
217 924
19 146
826 526
440 189
243 688
925 330
967 211
750 161
623 413
576 708
42 160
985 16
198 295
735 196
23 328
631 23
912 597
216 66
400 377
649 664
459 806
558 566
444 82
709 586
330 89
900 333
796 878
193 455
526 387
344 853
259 236
98 348
117 32
322 788
235 221
199 574
862 394
404 550
421 576
871 456
801 994
549 324
823 357
435 604
220 222
519 620
465 737
980 320
448 977
710 985
604 372
514 108
24 518
477 346
124 529
953 549
419 321
242 612
281 352
836 150
304 15
379 581
489 5
212 755
873 431
945 778
16 546
626 593
404 457
642 925
522 231
741 497
307 559
276 882
884 463
760 725
436 120
682 880
864 627
649 329
477 357
869 494
893 504
363 661
548 821
18 360
185 297
103 231
674 908
479 203
762 565
771 865
48 991
602 90
240 311
167 478
902 919
925 302
69 732
470 373
610 976
169 142
943 318
319 624
621 48
52 861
62 938
259 413
904 966
501 210
356 715
32 769
252 932
683 546
217 708
433 483
417 998
490 724
936 454
329 93
867 302
184 666
974 557
990 888
406 41
979 217
840 561
10 347
70 250
145 721
737 927
993 501
667 884
207 55
889 196
31 229
298 318
206 373
690 446
569 823
901 405
828 272
707 577
582 259
874 69
988 989
663 567
10 149
817 227
67 476
233 996
220 742
555 704
34 155
146 612
328 671
593 149
977 118
817 461
985 611
547 804
313 158
367 855
333 355
872 491
802 490
161 466
604 930
327 325
988 513
437 261
351 323
36 688
414 527
881 508
863 292
185 325
631 264
977 929
156 194
543 982
857 379
344 290
324 792
848 146
955 918
904 132
282 536
139 945
484 582
285 915
677 433
625 64
900 80
460 479
498 614
307 116
660 560
256 822
829 455
184 692
575 679
522 561
209 874
269 287
686 804
715 32
537 768
737 595
701 13
259 6
245 177
853 291
50 16
206 439
696 601
763 538
177 147
585 878
785 348
109 644
771 129
934 639
904 574
118 754
157 738
709 437
987 575
842 278
435 660
936 879
700 152
625 895
371 131
334 53
965 381
932 330
261 343
612 998
922 416
664 220
927 177
909 614
449 329
225 587
105 13
552 588
257 583
703 751
246 846
245 809
747 731
608 355
593 241
48 298
985 639
769 334
932 782
919 820
134 312
51 618
60 740
262 668
319 837
323 414
237 60
592 85
338 917
767 391
929 866
136 617
803 793
11 631
459 991
186 893
273 583
302 635
639 694
624 725
208 71
914 9
304 875
240 93
536 602
98 87
329 946
10 981
88 33
855 699
35 634
58 825
496 262
174 915
989 794
966 223
363 54
71 505
165 884
574 400
978 521
856 213
527 570
253 539
14 619
952 744
760 433
68 568
959 102
468 394
434 806
58 650
719 211
926 539
712 643
451 441
303 568
343 767
823 177
625 650
956 278
832 876
983 975
965 192
345 975
435 865
713 840
167 514
223 348
889 990
29 573
563 541
451 215
141 655
129 79
423 357
67 263
250 915
2 614
794 762
552 5
907 425
447 496
341 605
879 477
57 398
115 384
423 75
542 135
889 681
841 99
508 81
254 597
55 540
938 400
538 630
99 660
206 664
893 354
967 543
12 234
387 556
942 848
116 653
7 558
923 622
308 95
510 925
43 986
355 988
156 155
963 797
527 388
659 244
398 72
124 854
428 807
397 304
130 621
627 601
132 35
886 806
229 733
126 891
753 979
476 670
153 677
667 222
796 73
183 174
819 152
787 886
148 1000
409 365
88 172
434 1000
587 178
637 929
295 937
520 889
410 65
84 529
6 695
192 718
174 137
59 219
776 545
582 149
305 127
649 178
235 506
784 235
804 230
827 79
465 386
564 906
528 224
12 465
897 61
755 993
223 863
498 330
244 282
135 405
910 805
346 310
510 509
495 395
135 298
963 189
121 834
252 172
125 154
842 738
494 81
702 538
510 405
915 815
47 688
285 251
910 843
952 296
128 314
593 74
668 444
68 524
198 727
659 163
143 114
536 630
702 199
648 27
302 721
713 962
69 500
374 167
618 961
880 280
553 646
950 896
991 60
540 900
297 150
433 512
967 71
904 906
903 991
908 567
212 420
305 590
311 58
624 876
580 205
679 416
222 21
83 689
601 428
208 971
554 794
652 387
732 750
13 119
628 514
535 470
793 755
207 129
892 859
126 339
454 346
754 852
520 996
336 785
297 557
795 314
306 293
611 187
554 719
315 81
374 581
652 112
90 723
783 954
418 858
832 852
381 65
698 773
277 584
469 892
993 655
444 665
301 768
358 371
25 838
409 679
690 624
489 369
708 92
506 980
214 269
731 149
309 55
220 662
445 583
228 185
411 587
68 834
739 757
937 647
96 539
958 879
953 109
630 679
155 767
997 348
88 522
796 910
275 198
579 884
982 83
470 295
971 206
226 795
209 591
263 942
123 385
919 803
348 403
717 943
277 802
259 363
978 881
730 266
455 343
813 833
212 440
531 324
571 883
93 459
22 841
733 320
724 339
961 871
808 238
183 766
191 911
527 545
948 522
58 516
884 648
889 118
585 877
32 635
804 457
827 824
990 276
884 831
297 521
575 890
688 473
966 301
366 681
239 421
171 973
978 471
427 615
504 32
874 132
984 636
288 947
816 277
641 639
926 734
784 307
604 428
695 7
52 133
96 251
765 223
233 54
436 765
110 396
312 451
150 523
580 212
395 368
458 996
555 414
686 536
51 847
233 848
552 988
361 295
102 626
587 926
364 525
733 692
668 629
462 602
47 616
639 962
341 779
724 407
539 704
726 150
928 345
821 130
915 69
700 821
973 455
482 290
318 132
138 534
749 160
622 982
353 859
807 832
778 582
564 75
495 866
60 442
903 918
28 152
356 573
560 920
38 481
460 595
320 503
514 578
52 645
165 994
701 16
101 996
190 527
429 813
288 531
628 971
274 538
166 532
114 861
600 44
322 782
948 750
836 858
227 919
329 623
358 386
256 512
280 641
427 562
465 763
28 755
451 440
966 265
608 853
55 642
295 408
137 873
598 836
693 676
106 14
896 458
897 935
577 991
245 633
148 196
488 962
395 446
676 773
276 395
613 430
82 422
135 432
600 535
286 36
570 499
665 477
263 268
105 232
877 634
824 634
162 97
950 462
493 369
422 695
405 971
318 356
963 81
546 219
488 15
680 400
238 447
233 52
518 157
504 315
370 79
225 816
716 534
502 624
780 664
531 738
422 997
879 178
152 341
872 36
285 135
158 431
694 749
398 478
927 153
351 410
868 48
725 649
284 449
846 6
82 780
247 202
99 927
839 262
787 155
810 24
333 807
641 27
41 494
79 546
389 556
588 774
288 337
420 886
169 434
672 439
984 73
982 724
566 791
145 457
684 890
660 206
301 974
856 3
99 969
639 280
876 190
571 552
476 300
995 728
652 367
249 990
37 905
980 211
504 12
965 897
845 747
990 492
993 88
352 64
101 587
563 858
126 632
823 148
24 738
741 571
353 874
194 686
211 372
35 34
206 885
936 951
24 273
334 114
962 683
543 154
693 553
756 79
315 643
279 804
711 949
824 679
826 125
975 537
738 833
372 455
121 833
837 667
169 679
613 164
341 993
988 648
994 973
96 624
263 534
142 710
418 477
845 482
336 190
544 627
708 942
177 802
273 259
383 684
522 854
963 760
982 52
895 765
342 215
289 473
441 518
629 575
436 908
13 946
918 649
465 805
189 209
440 71
88 681
364 25
274 305
498 723
853 43
571 854
933 67
239 972
226 201
335 345
355 439
140 281
452 539
308 999
516 204
166 461
204 656
978 575
886 92
46 151
451 709
748 85
75 901
224 345
204 743
771 810
709 334
667 886
712 589
912 127
197 11
510 66
718 423
481 209
762 427
653 264
896 515
680 378
968 437
290 129
721 675
958 720
741 672
779 463
543 126
197 958
915 767
310 247
719 857
79 446
375 535
360 340
290 99
702 676
945 645
916 2
186 291
8 543
617 29
907 321
971 530
773 296
96 540
243 479
826 630
712 198
599 10
551 231
20 285
373 323
322 69
858 51
108 694
470 437
972 15
275 201
208 868
493 938
7 646
375 456
782 312
437 549
539 517
18 229
691 766
715 196
386 712
425 118
947 921
295 569
317 770
782 884
532 859
614 647
265 776
490 345
199 627
757 133
960 169
407 336
562 437
878 831
832 915
596 116
227 971
106 152
624 341
73 465
736 383
67 527
528 11
837 31
201 373
404 830
371 133
456 180
55 500
153 363
450 447
58 40
6 184
229 1
391 886
763 946
15 698
271 812
422 648
715 893
416 465
785 952
261 151
959 448
267 522
786 630
493 174
759 695
228 45
543 662
274 181
646 165
320 539
228 444
446 463
512 153
604 567
402 17
412 342
920 750
298 206
544 298
804 884
190 665
695 793
352 795
593 691
118 374
633 735
359 632
711 231
731 557
844 452
673 509
145 83
921 309
94 142
540 124
279 8
511 99
886 21
554 868
760 140
726 706
415 361
715 351
348 668
610 107
297 330
649 573
27 881
671 568
930 366
644 736
349 102
79 909
727 881
924 278
455 894
227 999
249 803
305 81
69 8
589 301
219 951
75 683
314 993
131 749
392 939
67 747
563 750
582 318
107 730
35 9
21 230
387 900
798 486
737 272
684 505
465 53
599 654
233 17
840 7
345 751
362 695
589 436
702 749
812 85
450 306
470 817
401 734
536 431
183 732
346 114
182 582
722 260
255 52
327 382
544 616
590 233
284 339
420 691
830 482
798 860
511 707
459 108
337 584
307 630
774 863
532 479
144 52
170 376
9 830
491 143
168 522
716 163
701 337
960 725
134 870
766 809
801 443
314 652
454 195
788 802
65 352
946 299
947 126
913 50
607 168
149 512
300 620
562 283
624 32
416 613
718 686
403 865
634 121
151 724
468 313
197 389
678 476
645 685
504 13
343 556
128 547
949 92
166 787
387 706
874 330
569 792
832 923
236 595
883 440
224 11
421 943
405 42
870 150
907 152
466 200
504 491
656 408
955 743
79 308
284 860
747 8
940 119
300 470
275 168
180 524
462 981
375 931
896 100
953 373
20 36
441 73
993 628
765 488
475 625
881 747
755 174
557 412
542 112
446 165
868 246
185 445
8 322
171 254
299 453
707 448
289 622
48 579
105 630
276 595
812 637
468 699
344 329
626 99
757 763
556 634
999 658
422 770
456 786
881 55
96 957
763 55
66 797
89 420
255 371
98 170
333 785
504 621
583 113
288 382
253 235
199 872
256 988
477 838
960 416
562 684
305 733
965 168
351 962
249 8
247 749
453 126
849 809
896 742
128 656
843 443
771 166
188 876
289 754
947 489
731 711
609 218
315 83
577 612
887 835
780 63
194 273
604 347
129 491
408 350
262 329
858 730
295 444
922 331
599 705
176 25
15 560
201 442
367 13
980 692
110 353
516 950
224 740
673 929
837 638
217 541
289 952
113 668
488 782
59 530
243 305
451 130
797 256
177 611
552 881
133 904
571 795
797 433
564 428
357 362
384 690
498 816
196 172
265 401
319 802
366 267
423 960
282 756
542 270
856 529
29 329
307 859
143 449
962 718
189 131
248 833
195 526
694 152
398 177
507 622
943 75
758 315
207 547
636 835
532 725
967 37
593 624
5 642
129 208
361 768
444 818
740 624
573 48
757 787
961 790
987 77
888 6
580 643
706 578
106 886
110 854
432 290
699 356
383 759
687 399
121 316
981 373
125 284
697 899
71 858
441 453
24 731
957 917
357 889
413 951
215 271
646 942
428 478
871 832
124 715
238 327
25 912
936 543
167 889
423 467
723 313
8 110
616 621
91 35
932 555
636 687
918 514
638 823
43 218
474 72
954 862
385 553
433 381
432 588
215 947
415 293
47 754
419 854
785 121
48 700
259 538
320 540
288 637
836 744
169 809
298 207
834 13
963 691
123 62
964 664
74 662
312 863
350 251
282 635
501 373
66 210
105 872
307 36
589 912
544 9
193 221
729 3
527 240
297 175
785 369
655 348
400 160
952 909
936 498
311 410
121 229
757 838
230 718
13 44
804 265
164 74
2 287
679 763
631 706
249 960
451 668
605 291
326 204
495 591
26 56
484 852
700 200
872 829
559 263
28 717
52 176
714 508
111 652
671 645
577 556
372 88
546 533
641 271
884 51
713 141
737 279
974 36
363 361
941 485
357 238
361 235
824 653
272 596
661 38
185 853
738 699
635 733
359 244
449 600
802 220
381 361
2 532
559 834
526 96
635 586
284 654
232 231
696 566
684 175
302 990
163 744
935 126
701 713
854 394
503 88
530 596
547 590
108 616
787 447
96 692
180 855
288 6
569 123
971 315
75 462
203 149
578 507
942 904
553 609
694 525
878 350
809 821
333 923
708 761
201 517
483 101
189 60
87 861
914 251
74 364
666 616
903 773
279 47
766 953
748 220
253 730
538 430
151 81
616 630
305 769
652 776
446 774
700 125
23 776
45 848
338 218
304 112
253 941
35 198
272 244
755 599
849 750
956 326
872 793
82 7
107 296
163 106
628 382
973 533
496 880
140 665
822 453
589 454
457 619
649 346
6 246
671 224
1 107
295 204
261 460
393 860
604 180
987 36
237 957
458 826
55 716
363 875
200 417
384 114
1000 200
787 362
223 284
501 666
686 816
543 617
95 854
888 216
958 80
263 822
786 865
273 818
807 949
169 865
356 401
716 382
927 146
795 834
619 646
503 499
568 456
821 922
855 862
338 634
523 800
765 781
624 879
1 842
878 596
992 643
335 347
984 784
709 554
362 391
522 314
994 192
188 15
349 903
286 793
316 427
943 894
876 307
650 826
749 972
571 276
720 938
681 692
225 208
652 115
746 850
118 907
766 401
149 527
605 13
805 952
239 499
349 335
850 180
903 322
284 818
581 36
435 858
55 413
901 941
650 751
119 718
543 120
176 26
249 564
768 894
144 172
842 547
625 945
58 18
556 245
855 299
909 719
209 142
422 610
851 576
267 915
294 424
314 474
374 383
556 938
226 581
388 820
674 189
17 614
881 359
347 399
167 152
316 694
632 559
816 662
820 198
384 546
920 660
226 679
152 574
942 849
526 912
84 534
380 444
697 486
981 557
294 116
191 500
109 171
296 344
675 852
394 825
806 98
284 230
856 479
240 900
461 458
478 130
444 22
467 239
69 367
969 337
217 404
364 285
862 36
871 425
832 247
135 628
301 268
552 214
420 110
480 209
425 560
303 589
525 61
282 386
254 437
100 604
581 230
225 126
13 378
2 973
221 247
336 911
159 33
591 34
258 274
166 939
906 646
963 459
374 782
159 182
602 142
976 555
310 38
855 848
828 679
372 283
285 380
915 541
349 506
366 889
315 717
387 840
654 910
457 652
834 582
284 683
287 560
256 140
920 931
722 275
599 955
525 820
103 776
952 372
114 35
820 131
371 624
601 531
531 824
811 88
9 38
392 186
998 888
13 534
717 878
782 282
570 624
130 901
294 912
42 201
631 153
339 521
963 579
969 898
786 56
399 425
476 694
347 806
938 911
305 570
696 181
770 580
458 232
636 187
62 494
190 675
143 288
467 282
531 357
273 181
383 86
331 507
648 391
173 770
451 782
889 817
666 311
300 537
136 586
69 212
417 787
235 244
236 331
274 433
819 380
438 826
768 617
343 763
392 941
689 169
690 322
33 589
286 265
556 415
477 482
10 375
963 423
998 159
506 809
626 550
823 960
347 11
152 11
564 720
251 727
233 928
911 429
578 178
868 846
889 685
986 273
290 280
853 124
793 439
523 234
797 455
963 995
391 634
394 298
608 498
25 718
726 326
579 324
413 335
809 538
755 498
557 600
393 227
765 661
507 141
91 970
554 494
86 446
604 644
472 510
757 662
673 974
743 871
504 740
911 775
145 172
364 48
517 412
338 904
99 165
796 69
797 687
805 401
956 771
114 922
499 984
390 857
743 581
959 664
943 7
31 601
857 962
804 735
2 369
59 384
593 968
517 569
134 902
732 617
209 929
830 542
950 503
670 999
787 979
112 357
171 872
558 132
795 338
818 209
358 158
984 281
433 53
568 984
96 494
779 710
448 982
430 874
162 732
515 192
220 74
67 461
183 641
684 697
303 854
371 206
245 157
814 972
637 759
932 319
917 461
831 523
524 225
304 4
107 585
727 704
755 997
581 865
86 577
68 948
436 688
632 199
488 223
52 448
732 354
860 303
733 983
682 603
518 237
632 310
225 736
797 314
670 56
138 233
91 155
953 228
972 768
579 126
693 234
499 542
570 871
552 806
548 775
544 630
768 334
553 1000
932 181
193 611
493 918
912 648
658 420
369 497
734 715
756 851
99 112
579 954
685 427
967 67
182 921
330 900
477 723
446 630
507 612
74 385
899 176
682 320
26 300
155 192
763 279
302 145
731 821
145 426
701 85
689 565
781 29
896 718
715 281
912 81
495 529
649 635
377 178
509 437
766 755
171 852
863 666
5 864
103 125
962 156
663 404
310 313
405 475
903 300
742 284
409 24
897 883
182 231
186 234
336 563
499 97
357 835
875 778
516 658
759 872
943 701
654 768
400 595
884 155
280 9
176 234
765 168
529 682
417 240
259 594
521 746
208 283
744 509
873 917
51 887
68 831
146 394
324 321
487 823
111 123
846 202
115 380
983 546
449 688
820 929
52 331
163 722
849 563
739 563
422 333
54 846
581 520
431 753
570 927
845 593
209 417
816 663
601 935
333 576
462 796
998 882
13 578
394 708
274 110
521 55
155 273
84 425
925 269
104 423
930 613
630 500
710 444
74 338
238 545
61 56
536 941
434 74
770 528
739 429
191 464
390 801
282 182
65 302
308 375
81 986
258 175
482 817
396 97
92 688
274 581
738 254
760 410
814 187
250 452
806 247
883 596
404 987
960 219
235 297
823 168
515 139
148 480
679 900
139 175
151 806
442 116
922 314
980 500
799 80
547 139
101 349
508 501
236 804
614 81
466 842
524 169
263 151
881 966
203 734
115 58
153 281
543 492
253 408
598 174
760 820
426 801
967 673
180 373
293 946
189 737
116 519
445 599
742 983
347 879
219 310
38 974
973 225
575 189
480 858
851 701
670 131
284 330
108 518
887 236
669 89
781 703
359 919
345 753
471 517
75 292
417 204
833 336
118 474
9 950
262 544
217 59
74 660
481 638
208 722
62 141
636 242
655 440
715 229
494 568
478 93
505 225
804 597
862 231
735 127
867 143
904 899
870 722
338 579
501 149
529 490
655 350
497 945
203 311
580 963
909 31
235 102
454 388
383 38
627 145
921 497
758 86
761 242
182 530
934 525
151 301
410 901
676 220
168 331
136 937
46 428
672 619
202 873
949 833
409 558
239 453
854 648
339 275
722 352
163 193
404 221
372 201
604 396
898 263
497 520
171 715
949 664
617 815
484 274
68 81
381 246
794 711
980 750
803 367
987 218
660 236
453 682
58 186
959 400
806 525
189 517
165 80
217 643
198 861
181 929
939 125
388 781
816 704
621 659
967 939
590 438
100 134
88 710
105 552
604 534
751 865
42 27
673 221
435 453
54 499
757 661
481 666
868 274
924 944
653 634
951 885
592 340
153 680
740 724
578 155
389 552
503 414
22 922
303 935
748 497
416 521
888 553
335 502
373 47
389 714
196 552
838 491
587 169
400 940
903 442
374 570
747 60
857 524
969 74
128 550
419 105
707 730
712 436
379 893
148 408
349 361
673 719
209 483
803 92
366 980
775 930
10 360
672 853
990 485
819 998
270 798
570 288
793 199
391 810
996 866
379 845
257 258
261 458
432 808
823 852
518 226
16 710
225 848
190 194
545 305
844 893
752 667
548 684
510 851
920 779
466 26
668 441
413 545
958 86
14 206
307 832
414 676
770 638
899 516
442 985
740 490
248 808
897 892
85 187
831 688
269 260
553 868
551 434
423 903
386 736
369 792
193 234
48 819
17 452
364 21
751 603
406 342
523 802
236 95
273 227
516 57
455 27
776 134
468 122
187 722
994 222
80 642
642 354
349 58
499 725
338 301
293 407
236 652
438 880
886 370
339 237
417 587
24 595
331 881
885 186
525 505
249 728
323 673
953 730
811 660
149 997
847 242
951 795
736 181
384 218
78 844
790 671
595 250
283 784
508 298
20 997
2 696
846 41
315 675
375 531
656 677
505 785
289 972
552 598
917 194
721 833
243 133
464 182
63 150
11 315
94 824
385 450
691 774
284 752
258 594
298 948
372 709
565 914
379 163
329 858
458 574
267 704
159 822
398 410
424 753
591 851
958 114
762 595
449 66
964 679
553 596
971 197
535 988
493 889
422 191
36 565
878 276
408 948
208 646
360 577
839 91
914 174
739 95
175 51
892 551
217 361
36 747
164 288
104 332
616 545
549 83
880 118
295 476
226 344
335 430
528 722
588 853
285 479
951 752
771 335
386 8
279 311
983 707
361 688
676 185
645 738
79 90
425 583
107 357
898 30
292 817
124 390
975 28
262 409
357 789
528 15
694 444
880 562
672 280
231 653
876 582
73 311
367 445
410 582
747 435
306 695
310 215
479 548
760 966
387 842
564 766
793 296
669 389
360 451
252 209
258 852
324 565
916 470
461 460
924 996
503 113
983 331
18 283
40 767
1000 250
823 437
398 118
390 452
311 979
556 686
407 508
526 882
863 407
367 851
481 637
687 677
544 413
728 426
66 209
759 685
633 627
136 415
874 783
123 273
765 834
240 83
169 89
136 366
523 874
364 236
98 448
304 591
857 789
372 800
22 217
518 818
474 993
248 284
727 924
14 621
92 661
173 446
244 840
779 591
27 738
67 945
322 954
89 605
589 876
438 824
519 513
791 252
988 320
409 38
49 511
306 486
759 322
590 686
617 524
747 971
926 684
693 687
710 775
70 486
845 548
461 987
906 696
319 461
211 716
261 808
36 417
78 28
996 551
120 274
500 26
488 854
859 889
807 505
979 576
798 132
357 124
560 540
107 909
129 331
242 940
560 9
580 68
447 79
474 43
495 339
354 581
866 762
391 938
734 800
825 4
826 311
638 560
146 328
755 500
539 675
482 336
88 711
752 606
535 919
41 311
648 873
995 178
906 417
855 902
288 136
713 953
570 530
423 538
325 536
622 870
291 648
717 626
321 865
398 799
844 379
38 262
345 853
931 585
347 577
199 785
974 681
5 616
706 743
235 745
587 168
80 822
211 172
253 569
679 873
460 922
371 434
351 648
889 49
31 782
44 395
410 365
49 160
475 257
777 733
101 455
569 909
342 901
663 699
791 486
832 765
817 111
236 786
760 911
633 391
615 307
485 90
413 237
859 837
881 909
572 614
719 753
458 48
372 460
937 796
556 50
522 238
831 376
156 416
881 751
4 764
578 649
948 862
997 209
66 341
449 347
328 584
739 614
499 167
902 876
82 971
284 435
768 320
56 82
534 891
169 981
756 959
445 864
856 569
650 352
369 142
502 994
623 446
844 441
39 665
283 107
982 299
914 75
368 997
293 30
331 167
79 525
299 901
503 637
749 389
880 508
368 160
494 864
813 1000
563 193
749 278
217 445
518 875
478 308
580 772
28 483
981 451
767 502
348 832
923 374
637 966
49 293
35 278
141 55
451 486
508 525
1 267
990 461
336 934
614 329
137 859
211 422
653 259
414 265
54 816
699 461
883 408
149 996
634 746
525 329
825 535
276 473
663 735
831 553
462 388
980 855
582 405
361 23
508 322
128 208
475 11
332 912
142 528
528 310
430 721
828 140
882 450
367 126
759 904
980 807
485 207
297 364
197 731
474 112
627 42
169 646
78 96
898 641
631 483
9 190
906 180
601 564
530 520
622 226
215 792
206 581
856 614
858 60
700 815
368 256
172 700
670 327
583 674
126 987
901 145
151 982
857 655
482 395
299 707
764 190
212 343
394 804
196 680
960 273
527 777
820 261
807 521
154 379
961 889
448 84
88 251
362 486
398 582
856 192
842 63
770 816
53 948
749 543
165 810
684 974
646 212
61 393
889 120
687 181
534 200
847 435
116 431
904 549
390 760
139 336
568 914
603 964
215 410
567 161
664 576
836 871
974 861
595 40
614 196
779 401
873 334
103 321
175 852
362 973
1 49
132 845
176 841
940 932
7 127
376 865
971 838
534 131
485 146
33 369
967 871
228 341
399 358
718 64
314 266
902 123
116 914
9 504
11 294
17 805
16 752
971 676
629 732
872 447
67 223
711 670
864 656
75 329
463 742
655 228
221 848
901 100
691 688
748 583
195 577
270 45
644 282
386 566
579 999
709 828
406 787
716 180
22 525
804 599
577 541
443 681
740 641
433 467
30 847
35 611
204 224
577 484
959 758
749 734
911 627
537 918
495 730
985 458
339 70
144 550
340 501
398 717
718 710
387 348
467 558
451 529
680 25
954 225
597 700
249 806
488 554
875 950
197 206
948 778
236 612
275 908
883 419
667 930
997 663
923 604
818 266
379 704
72 184
642 252
361 94
385 896
185 1000
591 176
974 40
423 354
577 834
561 69
394 100
177 380
340 792
772 849
267 186
640 370
261 468
745 113
564 723
289 838
976 269
2 528
25 945
211 922
584 384
731 211
859 6
197 659
826 325
241 355
186 740
29 122
252 101
15 443
924 969
644 472
437 326
214 615
322 134
621 290
181 833
829 693
880 473
134 569
235 760
489 792
381 794
754 276
275 737
799 914
411 226
624 839
805 414
45 545
869 775
662 744
221 376
59 389
942 328
815 58
875 231
872 351
938 531
260 571
887 596
677 966
827 342
287 258
490 410
273 432
499 360
699 59
706 902
301 482
141 377
909 467
400 829
439 116
442 200
63 696
554 825
887 890
232 764
177 45
819 714
645 398
719 45
283 366
281 255
546 565
103 312
451 299
215 322
516 697
64 616
233 103
626 758
127 519
185 772
21 118
295 379
208 419
171 297
247 524
693 420
38 638
825 837
458 806
849 63
669 332
938 590
856 877
443 868
74 790
346 83
55 633
498 182
25 574
262 829
543 708
472 310
385 646
354 473
315 837
100 213
930 378
109 417
688 424
119 72
329 670
240 303
579 814
799 993
892 319
307 243
109 195
233 889
701 287
497 289
744 894
892 430
696 129
350 591
734 345
826 780
560 527
575 651
744 653
856 455
433 394
128 299
862 189
80 757
344 138
974 576
734 123
383 107
495 685
188 11
80 644
745 834
83 295
511 726
143 989
611 861
58 731
891 573
729 394
770 220
239 537
387 660
117 189
727 820
912 117
107 379
275 855
774 655
614 334
872 889
805 206
638 320
362 71
823 246
257 209
637 949
410 497
896 392
971 972
183 196
230 161
432 232
784 349
63 511
3 755
547 61
413 240
361 167
551 558
279 471
765 22
610 271
521 632
778 105
122 687
410 949
307 531
39 120
561 337
178 732
713 645
902 841
134 487
488 363
472 880
354 364
27 446
669 995
104 283
645 10
173 889
110 670
397 369
787 217
34 492
434 246
201 705
626 354
316 246
227 309
924 501
304 726
68 10
227 642
834 486
446 992
198 1
284 783
793 551
131 72
932 306
896 808
658 843
254 312
951 754
199 617
37 286
241 715
376 422
269 307
790 167
758 875
988 336
692 653
452 938
625 742
613 843
421 913
984 579
622 836
609 106
827 31
847 208
571 946
672 800
837 426
585 449
253 179
552 278
281 288
559 573
410 580
802 834
250 903
253 36
120 659
509 922
149 217
812 111
922 475
962 540
564 760
30 52
103 550
393 495
414 151
760 99
556 100
149 330
760 823
135 363
507 278
772 924
920 935
777 994
261 34
12 980
986 91
345 337
388 187
227 149
320 529
104 232
88 749
413 280
843 847
244 326
61 774
778 766
764 459
568 166
472 251
859 505
308 353
535 994
593 693
928 62
485 823
434 267
972 271
886 845
722 994
544 14
653 676
579 512
844 337
786 385
961 171
70 905
109 941
10 940
763 464
931 572
588 733
883 791
849 987
758 85
980 87
853 719
678 212
597 145
182 529
207 70
174 117
233 479
620 221
810 468
538 152
701 892
157 734
94 128
897 783
310 484
476 20
956 302
597 556
140 867
774 1000
265 59
589 588
736 128
457 993
742 426
968 499
860 33
250 249
951 154
954 170
58 103
497 525
25 150
977 832
931 342
752 976
759 526
569 706
72 486
271 782
368 909
936 655
901 643
578 560
462 671
60 912
732 265
333 338
725 944
715 372
637 132
843 525
436 109
113 808
993 834
681 420
851 858
781 847
227 523
604 610
39 401
756 933
82 884
527 396
786 886
180 25
589 88
939 284
78 760
743 786
497 340
640 735
592 184
118 340
853 175
269 366
217 133
806 95
679 295
152 792
389 533
84 339
212 392
810 293
614 871
709 313
339 775
213 802
161 847
865 467
60 187
869 451
472 275
326 146
37 325
644 819
706 532
376 367
904 394
191 972
953 993
920 956
760 469
637 913
837 191
225 207
297 586
999 850
689 888
926 639
505 687
344 747
733 111
291 36
292 843
81 904
392 845
980 440
568 826
879 682
478 805
281 367
982 248
261 422
922 480
392 683
372 38
94 944
568 902
190 487
88 864
696 616
915 966
989 585
593 160
538 547
650 441
392 393
752 783
871 79
100 71
449 345
690 825
588 492
312 79
369 418
920 782
151 750
759 373
158 498
843 646
739 824
494 298
556 737
578 425
687 633
599 349
152 634
852 292
804 906
141 543
385 976
377 378
48 822
861 728
878 750
187 521
260 875
333 779
227 280
783 345
217 274
865 398
645 344
494 870
633 666
49 633
840 860
468 133
658 213
866 16
792 947
80 645
788 500
528 745
896 418
862 476
461 605
867 422
32 599
148 601
476 754
671 655
656 220
984 761
608 677
72 255
330 471
704 200
577 638
172 310
166 1000
564 512
549 496
533 987
900 878
229 308
603 619
548 184
280 750
261 521
738 567
538 869
23 751
561 140
413 207
57 349
720 491
964 238
821 355
885 876
66 260
546 26
953 4
829 937
481 795
837 922
190 76
229 938
801 57
893 403
659 199
878 57
327 461
759 462
964 674
624 595
38 19
791 563
613 645
684 942
857 243
937 212
259 480
758 428
777 355
282 771
209 865
302 326
783 445
572 416
610 239
991 318
938 694
407 921
728 158
467 242
430 490
287 423
416 564
878 996
858 437
758 78
886 435
979 271
175 274
399 910
718 744
97 226
704 54
954 54
260 764
637 1000
429 227
288 749
326 885
22 18
25 494
279 417
887 908
193 672
33 971
107 358
235 301
898 29
496 991
28 338
244 21
373 439
358 53
702 926
594 255
566 56
358 388
965 356
120 494
167 742
6 800
337 255
444 693
862 903
88 162
906 997
431 962
829 842
76 435
276 221
557 316
46 963
590 188
77 983
958 928
756 723
355 858
281 867
626 195
240 394
392 191
30 753
91 997
690 131
593 283
468 761
783 66
695 790
97 721
514 866
223 113
191 535
496 81
263 522
619 581
156 989
997 540
183 564
674 175
386 854
169 94
723 611
906 166
611 182
574 270
673 151
862 5
738 47
97 157
936 228
481 62
736 564
605 330
511 334
425 535
361 657
99 268
127 958
607 480
476 102
331 685
758 884
687 312
666 69
758 999
941 61
463 265
758 951
656 435
415 170
865 930
167 565
888 60
419 962
680 456
42 929
24 428
354 911
686 354
485 35
656 56
327 960
807 506
115 26
462 365
634 770
183 981
547 905
252 129
253 440
147 279
609 704
25 951
588 149
506 532
264 680
707 92
138 833
565 934
328 559
42 485
764 10
198 736
510 906
77 733
540 667
887 204
9 69
470 702
472 809
610 595
863 359
796 444
467 622
160 70
308 326
347 744
921 917
422 250
481 670
448 321
804 845
913 265
75 34
22 559
518 608
80 318
92 935
776 238
365 368
597 26
835 653
784 649
737 687
849 949
41 240
848 512
170 532
874 512
340 420
625 498
809 251
719 408
776 460
596 213
641 978
642 269
587 257
999 674
114 696
701 814
813 308
151 333
942 40
357 584
875 746
524 952
859 523
839 753
429 731
940 840
245 692
836 777
174 368
909 963
244 508
10 276
59 801
443 462
589 467
461 191
651 114
120 416
907 460
640 193
87 650
609 748
367 212
336 392
391 905
726 389
160 934
955 585
404 305
243 459
445 923
377 829
963 962
910 767
198 701
753 426
95 719
8 329
134 505
228 492
867 126
513 640
19 75
186 984
886 633
498 918
797 200
411 821
393 258
292 609
14 210
492 184
994 662
969 972
199 67
271 342
460 429
635 25
839 115
435 89
806 120
207 453
777 554
752 170
221 297
792 773
723 539
844 662
448 75
122 414
529 438
359 415
803 375
911 516
846 323
457 403
865 510
222 173
539 125
297 378
728 50
781 24
602 535
16 414
678 352
438 965
978 710
904 701
745 721
541 696
211 77
175 494
73 172
419 442
957 680
524 973
274 892
331 885
462 233
749 855
552 429
685 239
124 591
272 823
988 32
609 445
521 819
59 988
650 745
245 569
176 16
620 603
792 14
253 30
570 448
777 746
229 166
550 485
727 378
105 31
153 942
215 70
897 129
627 190
461 194
210 450
506 989
320 804
769 463
220 623
522 129
878 220
475 859
350 597
498 216
560 419
268 856
195 328
234 750
143 40
70 101
945 477
518 514
60 730
351 437
868 97
694 685
933 555
885 811
561 728
251 222
368 402
701 432
99 2
568 123
986 790
143 774
240 220
994 301
425 126
407 186
545 797
490 540
640 567
298 391
655 321
605 566
986 552
257 710
311 399
701 3
10 950
981 371
731 788
278 175
724 459
796 936
836 653
230 692
981 484
639 216
362 372
969 292
418 546
697 789
476 236
439 408
5 830
465 517
727 869
69 139
864 333
212 990
107 345
348 69
477 359
281 4
652 13
844 992
968 330
71 851
131 518
427 751
210 245
266 803
233 172
264 746
663 764
133 529
741 716
335 927
105 106
717 339
884 196
776 943
581 804
71 730
328 854
850 839
797 332
210 422
266 404
290 576
440 479
993 693
890 859
680 63
226 683
911 373
414 951
143 159
351 280
25 756
392 209
247 475
158 440
416 183
878 107
421 898
544 691
7 589
715 552
995 154
834 4
506 437
714 766
611 330
847 31
85 127
914 127
69 778
863 32
518 645
616 355
992 72
69 555
969 533
516 110
131 136
895 260
297 144
692 815
329 263
816 845
666 654
467 145
430 7
303 895
145 373
787 578
257 595
849 985
847 370
376 341
943 847
620 72
88 329
931 655
656 511
813 719
10 652
429 198
666 467
796 594
67 578
323 748
512 516
438 175
455 775
510 296
685 166
784 249
14 770
111 762
239 305
817 71
12 295
29 435
822 496
646 674
703 599
560 815
337 218
820 721
379 547
187 960
572 606
495 121
245 866
86 686
159 438
107 897
954 906
920 22
944 172
618 287
233 827
416 861
720 323
560 412
134 131
798 938
806 401
953 67
898 836
8 146
995 472
501 655
998 733
199 312
96 843
482 364
160 232
753 239
751 876
2 503
927 885
777 372
354 274
338 879
411 985
963 660
643 530
56 408
899 956
627 547
43 754
463 997
145 166
843 75
68 913
61 10
189 53
597 168
598 211
430 321
677 192
256 968
296 165
723 638
761 439
597 25
464 875
784 650
520 148
938 655
875 216
491 211
607 289
130 423
4 323
10 721
227 557
175 469
126 317
478 638
705 426
651 914
197 30
607 455
594 930
210 923
547 360
234 21
344 749
953 705
590 654
591 115
488 36
577 513
731 224
118 922
424 871
197 816
555 674
831 561
31 441
216 740
182 63
776 920
7 64
620 647
76 613
963 78
500 517
722 293
72 260
146 631
932 618
349 808
446 194
584 447
638 886
694 932
716 676
204 400
756 741
975 901
815 720
30 300
342 2
627 368
773 332
665 595
25 684
324 920
329 818
769 573
147 897
494 296
702 205
333 598
834 989
928 154
179 272
661 616
22 750
339 598
708 693
549 759
556 924
406 760
961 119
579 928
429 569
565 381
53 521
455 357
520 82
98 162
32 581
778 918
129 560
682 330
44 807
174 81
429 987
801 712
801 67
558 968
926 812
553 72
168 234
794 162
762 222
917 664
258 487
693 92
466 386
747 31
50 837
782 562
415 79
331 884
371 259
707 701
27 607
124 985
784 178
513 404
277 613
20 652
884 963
558 388
104 533
512 556
128 805
755 854
202 634
3 615
372 270
138 450
980 589
675 57
287 807
867 591
185 805
44 24
765 162
487 988
262 647
828 893
186 441
561 787
998 296
450 370
542 422
803 298
732 348
271 832
510 662
356 120
821 402
678 517
751 81
128 353
815 756
808 725
377 984
110 58
755 259
294 141
61 654
703 35
302 648
803 921
386 966
442 165
617 439
928 166
433 888
820 124
401 218
863 446
95 960
522 706
545 163
811 679
71 91
792 580
540 994
100 953
741 554
145 110
344 678
226 115
264 344
874 679
411 175
89 313
40 211
113 387
903 842
853 956
885 261
862 47
22 822
750 984
305 834
417 776
843 462
421 700
667 188
512 891
340 332
452 774
353 695
884 769
296 810
176 832
908 17
488 562
844 835
280 734
923 628
702 37
158 707
438 115
319 468
193 960
91 285
515 431
206 126
500 863
428 204
820 766
984 868
750 635
510 464
43 303
246 810
361 128
457 693
721 928
3 865
99 532
742 894
984 239
470 157
692 160
869 73
743 765
431 546
267 517
489 629
385 594
479 854
704 568
712 411
644 480
755 287
938 197
65 855
172 525
798 873
765 650
324 976
753 194
695 739
475 569
437 671
647 636
606 335
891 877
726 31
484 670
820 80
144 721
677 457
850 958
42 176
672 199
434 262
660 616
738 693
981 52
654 74
490 625
122 100
863 131
700 371
918 618
335 280
62 608
572 309
754 688
921 507
52 489
156 620
948 752
145 261
774 808
908 898
281 608
374 720
231 121
16 118
386 152
426 861
686 23
541 784
567 784
54 845
2 936
40 267
779 288
90 657
608 990
412 526
651 362
376 786
486 363
971 905
110 455
606 584
612 909
499 204
10 193
393 735
581 886
233 24
55 371
488 234
436 842
242 937
8 625
816 920
690 289
587 807
94 757
935 481
522 70
318 509
798 939
697 212
20 367
920 821
651 647
506 756
470 411
654 318
682 787
833 389
544 720
548 916
420 523
57 855
868 137
194 185
691 656
342 816
642 756
431 708
57 960
405 623
799 926
821 910
271 493
812 839
464 989
883 845
456 282
135 663
959 87
339 776
856 414
912 464
183 651
329 937
377 46
18 734
305 976
593 850
781 67
585 834
417 816
288 696
473 748
386 205
257 856
754 950
639 957
531 859
785 418
127 813
980 81
41 690
580 481
873 377
693 654
345 816
948 921
182 141
756 34
349 660
499 59
137 540
488 808
550 844
662 266
77 298
372 346
141 825
186 418
719 764
608 182
814 544
132 764
603 351
489 275
642 913
458 802
55 708
659 866
668 657
171 997
769 616
182 977
471 372
589 177
76 324
542 756
147 940
564 465
979 58
786 951
402 940
15 8
901 23
100 160
7 660
646 637
34 530
458 486
955 902
411 932
29 493
678 986
956 728
722 790
248 669
65 57
749 495
161 526
973 446
192 932
579 560
302 297
654 2
498 542
807 608
117 502
120 582
882 770
356 846
776 283
814 311
602 533
253 615
608 602
130 392
386 62
425 732
135 921
452 803
131 455
456 294
801 922
783 798
291 116
112 535
81 600
634 644
227 806
913 310
334 927
415 223
163 14
36 256
888 7
387 180
581 44
175 703
585 494
872 539
620 597
613 492
975 725
686 408
599 841
565 585
620 740
58 141
721 955
354 804
752 991
814 892
533 412
507 901
510 663
375 606
708 214
598 881
418 388
556 930
303 451
331 938
198 671
915 197
533 382
203 887
740 86
760 620
543 565
506 300
103 962
330 638
175 989
198 441
146 28
165 557
441 552
226 814
354 219
428 994
734 686
39 696
192 785
246 452
160 511
70 790
752 163
921 764
723 584
891 782
182 751
477 929
350 433
482 857
840 102
502 284
162 859
804 703
145 321
520 41
831 306
696 208
245 208
788 874
550 377
809 305
921 399
117 236
266 636
124 792
550 712
349 393
577 686
795 275
136 948
304 278
965 79
969 4
736 265
97 449
342 591
136 771
161 139
547 291
605 105
880 552
21 324
387 914
630 210
580 313
945 108
426 276
112 785
153 369
337 252
240 998
229 422
681 971
372 402
390 17
965 387
287 683
271 822
845 237
955 405
68 794
494 26
306 915
533 432
539 959
367 782
100 395
53 27
151 674
959 91
719 784
414 964
843 129
901 478
706 166
851 819
927 654
398 120
200 735
916 765
80 809
683 681
901 111
566 190
948 14
825 317
700 959
437 527
331 4
665 804
62 180
867 464
273 899
477 739
616 357
100 606
156 984
179 105
98 107
460 582
282 866
212 487
639 408
212 251
880 57
607 190
701 37
766 533
433 295
696 411
435 433
27 843
370 845
956 196
975 216
384 459
413 624
305 79
115 848
334 498
301 155
106 117
456 92
82 10
380 747
400 515
438 463
314 201
394 97
103 497
634 769
945 874
161 219
146 529
99 363
369 344
884 329
840 215
246 934
211 929
12 662
254 577
133 934
25 549
983 500
768 203
459 312
123 247
576 498
501 574
372 938
344 375
327 395
165 375
57 854
797 146
928 239
65 197
195 544
934 21
631 117
209 652
715 134
94 193
369 966
760 444
857 89
862 202
844 369
524 631
597 39
912 465
433 323
811 742
805 251
753 698
348 890
221 484
212 742
808 576
302 95
965 997
639 146
605 286
399 963
697 851
849 852
595 280
444 308
326 944
280 744
449 215
215 488
987 627
242 518
405 48
686 163
444 538
620 995
549 425
606 666
350 172
962 702
745 310
617 844
339 421
413 886
253 119
2 687
746 168
414 64
384 19
457 739
479 634
137 765
708 108
176 341
807 360
114 129
668 14
560 43
834 646
764 843
584 417
133 922
48 750
360 144
939 555
471 740
657 795
773 330
48 637
657 673
394 601
703 158
597 391
857 362
949 314
364 878
511 745
973 388
354 308
523 637
993 519
271 876
518 688
223 74
708 710
164 420
365 485
769 903
169 10
27 100
545 999
13 137
536 670
890 55
926 471
931 619
936 435
576 842
390 844
943 144
560 734
814 167
706 628
66 727
578 991
213 548
143 637
348 973
794 211
260 683
706 999
512 768
452 947
383 709
75 668
168 266
758 947
444 591
620 944
783 910
680 357
220 651
521 332
340 639
824 880
120 490
497 778
276 487
306 998
278 701
551 944
637 260
584 144
656 269
751 268
898 454
594 57
524 268
599 840
788 489
727 228
379 346
566 34
530 656
258 843
65 545
377 877
796 851
604 768
588 445
626 840
204 438
170 226
78 491
95 485
431 761
512 25
198 668
972 947
920 878
777 171
959 183
527 339
51 394
267 761
566 511
181 787
720 43
308 195
653 17
730 252
768 465
826 715
649 114
759 123
562 917
283 220
455 518
602 434
878 287
471 863
442 887
174 678
883 992
539 316
691 489
277 520
870 697
407 917
190 543
490 317
992 535
6 339
112 392
101 713
982 922
707 482
114 100
761 79
641 543
842 136
168 343
704 185
118 719
100 215
693 803
505 762
469 799
550 600
111 626
936 860
420 373
115 887
944 327
799 203
766 442
234 107
804 211
326 523
98 776
357 879
653 434
569 975
237 713
569 40
885 441
353 536
707 953
48 543
639 326
385 779
632 611
115 2
557 167
959 279
328 857
699 826
457 699
850 834
154 765
267 950
470 465
993 327
651 780
670 120
450 199
693 185
768 224
117 855
99 756
225 913
608 866
878 110
848 77
624 552
138 907
731 280
276 541
830 92
869 698
651 635
247 250
375 417
765 633
209 197
142 237
23 314
743 715
355 282
122 243
285 763
625 232
882 781
566 775
182 712
365 574
23 24
410 493
13 34
16 330
179 774
550 267
771 458
900 750
331 780
903 569
600 56
982 934
783 691
718 712
828 24
740 892
22 285
653 99
728 802
698 636
435 590
575 81
957 749
747 217
486 15
615 182
774 445
996 712
338 14
926 663
585 23
870 308
854 194
883 342
205 382
851 180
543 170
390 426
567 48
556 295
793 243
522 403
978 209
816 188
928 838
158 991
740 258
256 67
609 363
438 383
816 11
179 195
266 36
216 839
323 45
752 905
215 11
626 942
484 382
777 944
872 370
806 517
570 676
129 917
4 519
168 941
816 873
393 8
67 161
214 176
472 527
932 855
954 747
958 211
564 366
713 832
458 625
83 868
355 971
288 16
274 31
921 1000
887 121
359 512
878 693
913 380
342 822
15 212
846 710
599 410
303 73
325 513
165 168
791 740
904 984
526 44
910 210
913 158
93 406
700 674
797 699
585 614
624 972
731 800
59 411
709 717
278 272
680 989
560 87
202 385
391 457
178 406
409 154
541 833
106 180
685 374
651 426
580 604
118 567
87 122
603 917
349 353
991 822
513 318
396 662
35 46
76 642
348 191
352 186
244 504
45 249
448 717
803 469
864 197
756 83
74 38
309 437
845 803
690 976
985 992
927 781
470 872
180 989
630 906
759 594
786 546
295 36
524 644
599 122
637 163
929 106
492 406
220 933
593 69
540 580
759 368
657 672
251 89
54 272
984 385
662 869
151 602
228 383
265 499
284 57
70 186
535 944
701 424
332 210
425 245
136 96
692 93
566 562
143 359
994 261
244 676
658 44
911 866
454 139
865 528
478 29
78 798
211 823
109 991
292 321
476 486
256 983
773 670
406 473
191 777
515 875
496 379
978 563
480 133
714 201
957 307
745 725
677 749
872 17
942 610
149 779
405 369
465 686
747 16
795 761
898 50
131 641
723 91
997 600
656 96
586 225
628 420
205 693
595 21
940 747
858 673
146 320
141 633
36 401
534 496
885 115
82 467
124 195
450 431
413 857
175 814
987 380
879 314
680 388
44 27
103 568
43 341
155 831
617 120
923 937
820 571
68 800
217 618
234 456
417 120
632 347
386 322
319 113
985 621
334 688
21 743
483 376
835 239
468 524
507 110
454 555
626 216
493 79
316 584
229 981
488 337
252 282
34 709
273 891
535 871
347 566
811 391
617 515
467 701
216 379
804 836
470 304
483 75
458 280
388 483
733 114
1000 347
284 140
506 12
825 273
571 928
520 482
812 890
942 569
874 787
909 272
857 103
179 15
786 166
478 249
460 604
464 822
748 30
930 975
364 279
793 553
344 658
852 12
376 317
908 814
250 346
88 369
141 217
511 337
884 669
334 762
529 176
197 66
61 499
889 242
123 806
54 868
20 572
206 163
281 8
62 903
659 991
287 998
344 680
1000 612
978 91
175 861
822 488
384 190
560 775
465 453
393 672
340 771
380 816
696 236
332 947
974 216
337 3
33 266
319 616
803 378
453 701
662 419
935 733
794 539
284 701
157 169
604 886
493 273
313 91
612 345
459 838
479 737
51 715
747 870
507 413
831 14
544 600
798 989
56 162
610 729
592 948
185 258
27 483
703 620
569 100
113 96
204 185
995 158
282 735
100 890
702 27
971 777
445 18
411 110
668 818
711 219
677 327
956 642
938 885
55 322
766 825
32 232
325 957
723 614
761 415
523 866
545 942
353 328
588 836
681 62
809 113
826 945
943 218
143 994
718 862
331 578
350 290
353 14
762 162
637 78
583 336
897 615
550 667
171 420
662 801
516 240
918 415
23 249
979 159
533 572
292 206
370 730
188 815
495 477
300 817
249 815
489 248
624 365
219 899
609 31
257 226
420 362
405 26
957 605
7 442
728 699
605 75
696 424
41 740
686 244
444 743
818 404
509 967
796 122
851 292
111 134
34 214
205 95
193 464
707 805
211 562
34 73
55 765
258 897
794 639
594 288
208 107
833 489
355 759
119 204
177 817
346 920
32 163
227 183
579 170
855 809
420 566
882 969
332 490
372 987
235 753
848 479
345 301
496 227
919 445
497 318
895 546
930 674
165 87
994 465
644 739
361 820
17 901
252 919
473 934
438 720
94 86
829 1
478 177
886 210
300 721
197 343
269 74
698 276
292 445
496 336
460 763
818 997
32 978
761 968
252 885
369 426
903 353
207 179
925 816
400 933
808 34
858 936
73 4
550 534
644 607
439 77
810 867
12 18
839 748
833 478
366 626
538 105
560 993
353 869
300 164
894 4
935 578
367 396
956 447
618 202
430 594
841 873
483 916
201 394
510 412
239 198
8 818
772 642
319 382
227 1000
102 244
643 845
968 243
72 264
570 11
369 378
367 211
461 170
778 124
816 903
691 821
485 292
364 571
915 829
94 724
691 626
11 500
786 946
270 291
963 854
267 735
108 583
436 254
365 48
682 242
43 820
83 771
137 191
982 65
450 814
566 384
43 880
184 335
518 295
242 396
887 92
815 419
283 242
549 755
522 701
762 806
815 272
284 216
1 982
878 752
809 943
38 459
313 696
558 754
479 367
303 989
530 115
147 577
421 418
215 534
526 511
253 755
992 525
666 706
98 384
814 314
544 885
40 872
913 923
671 898
580 659
945 129
346 652
400 897
329 61
240 704
810 692
560 687
984 998
870 844
546 654
606 858
477 476
983 532
620 946
280 192
126 63
842 372
561 420
154 850
345 835
875 772
287 914
271 569
385 142
884 126
195 243
569 546
201 422
721 815
157 339
381 181
519 5
225 681
9 452
524 413
543 387
765 47
582 687
604 147
72 292
163 591
556 14
24 135
777 975
738 189
204 432
646 27
61 537
669 218
433 914
837 900
911 141
143 55
492 507
379 556
919 662
336 151
569 79
557 662
92 981
769 910
118 359
964 907
411 901
880 306
259 345
504 550
583 952
251 307
587 445
914 167
273 53
990 970
540 109
450 586
338 484
726 691
433 312
52 550
623 809
628 841
795 502
891 609
378 660
969 303
201 949
532 991
278 19
346 206
781 144
233 484
89 584
384 482
184 820
315 26
210 972
373 256
283 568
784 3
204 255
270 513
509 192
311 78
287 621
336 634
63 761
875 851
272 326
325 436
675 72
419 262
591 435
723 340
465 452
229 419
33 664
807 460
314 163
65 751
543 470
742 773
875 526
785 794
51 861
270 505
216 723
96 582
495 326
812 388
775 272
501 773
742 973
319 916
871 683
910 521
734 845
171 165
906 336
157 76
324 589
643 799
754 6
167 177
892 769
778 278
844 583
503 249
216 425
531 946
345 203
273 870
844 27
256 596
916 463
811 482
740 452
769 330
103 662
605 962
90 305
734 228
19 247
921 899
911 370
229 682
838 584
606 436
830 188
84 326
395 693
273 17
403 626
957 39
123 926
444 370
731 421
365 572
176 752
518 920
870 603
397 193
314 545
114 847
387 311
652 377
836 750
249 972
925 811
197 404
172 612
554 599
828 26
701 772
214 953
110 894
76 954
2 53
116 395
667 781
870 788
852 263
380 410
786 1000
487 348
936 826
455 770
645 862
64 661
121 484
270 921
336 757
523 436
927 245
840 165
392 178
516 860
868 531
443 440
228 946
979 730
263 237
341 765
505 871
120 139
132 696
224 713
238 838
375 978
727 313
693 505
234 510
294 412
59 761
221 922
727 174
877 765
113 848
59 598
704 865
890 888
524 939
450 41
588 455
988 553
403 101
116 668
686 800
752 760
327 258
610 762
403 466
521 155
795 596
298 4
616 23
467 647
855 808
895 719
731 358
180 224
328 715
570 936
243 640
591 776
801 340
659 114
695 880
238 901
483 797
299 515
714 716
416 805
92 782
146 242
330 919
539 329
687 817
9 698
433 614
250 716
193 294
839 171
921 554
577 472
995 889
301 312
429 771
767 453
348 885
152 897
4 409
61 344
157 921
305 910
500 815
272 81
36 10
188 861
27 729
68 507
620 824
508 738
128 560
400 821
940 695
600 308
513 387
842 337
951 465
760 186
157 556
49 99
127 702
883 308
40 930
903 227
462 386
84 611
487 550
497 546
439 899
358 721
585 275
803 420
72 442
699 247
21 495
741 400
301 559
986 329
122 659
48 274
671 266
364 564
238 101
155 627
601 551
859 235
113 973
904 442
63 427
32 341
660 863
554 294
188 138
170 47
463 678
599 346
570 588
221 912
961 473
377 658
798 564
32 51
622 920
346 671
973 530
957 880
59 822
910 61
624 780
92 786
458 196
61 41
725 2
17 67
364 158
517 374
978 926
390 816
797 694
196 999
32 896
197 330
469 480
614 661
979 376
283 305
654 288
925 777
511 191
32 874
529 838
226 317
212 248
840 545
130 55
428 276
245 368
283 607
178 267
382 59
55 243
992 219
427 616
637 575
10 14
595 23
64 733
121 769
983 900
175 699
825 542
953 593
499 27
232 510
929 456
984 909
24 490
119 627
500 759
892 152
832 230
822 44
286 686
203 700
555 419
572 294
522 312
87 6
253 378
459 487
884 396
670 3
266 333
664 88
539 836
960 831
479 889
206 547
824 86
668 407
617 297
857 474
498 134
385 875
117 914
388 94
134 622
392 25
817 808
70 616
180 216
398 19
311 886
422 329
498 519
56 341
101 688
653 729
624 808
677 306
824 362
310 845
459 769
374 444
160 354
415 746
155 185
415 379
736 688
224 388
991 692
120 725
748 431
718 755
503 999
395 852
344 908
382 196
653 205
550 607
150 329
768 520
714 348
457 973
77 396
168 632
953 845
211 314
823 67
457 606
557 19
704 457
129 649
784 433
966 585
626 566
54 55
573 745
289 998
510 548
137 314
527 732
195 12
108 859
785 938
836 259
91 220
661 344
562 899
868 956
356 232
359 827
33 219
342 79
164 827
517 889
761 865
56 526
359 904
888 448
332 448
99 471
942 889
431 508
200 850
521 88
960 680
132 143
429 502
161 601
770 681
60 329
725 73
544 327
599 585
847 602
903 788
460 578
998 17
469 508
472 400
92 585
257 548
644 944
57 762
791 931
799 596
74 95
936 398
738 38
896 780
126 267
110 908
550 665
148 681
610 492
678 932
196 457
339 62
654 395
328 301
1 473
936 172
644 613
205 537
375 341
659 908
605 216
297 630
42 886
3 388
645 861
627 455
853 922
303 866
430 965
270 926
646 533
95 111
187 208
478 817
281 155
433 813
525 648
556 738
346 435
20 816
423 534
620 635
263 236
46 516
859 883
926 455
590 112
975 574
674 610
289 115
271 903
440 385
375 592
691 840
543 747
980 983
493 132
20 372
420 830
81 258
445 993
394 417
252 493
199 310
347 451
316 626
708 968
647 607
139 920
152 573
174 626
56 269
60 365
243 539
653 704
710 499
127 263
402 408
773 679
64 135
852 864
969 644
348 711
476 396
224 477
335 507
942 337
361 596
205 987
994 160
995 713
463 39
69 188
399 369
533 749
349 92
991 541
544 863
135 961
31 240
895 783
148 572
41 548
7 267
923 283
763 835
345 906
823 229
681 724
42 874
149 982
187 143
742 511
140 831
683 289
241 762
4 216
421 802
81 785
589 193
309 257
974 13
25 890
427 954
525 573
305 474
270 660
920 82
594 480
249 3
284 624
266 455
38 610
371 790
851 544
52 379
200 430
935 384
39 79
907 560
674 797
712 472
34 700
915 29
102 399
423 978
639 792
964 694
459 6
425 250
688 560
194 297
787 196
939 385
227 435
636 845
602 333
781 123
326 325
844 258
937 224
425 916
902 678
173 558
834 360
49 992
88 122
308 583
257 755
536 738
524 535
961 875
648 331
795 492
342 126
213 959
399 946
314 688
952 705
227 225
830 550
946 35
486 1000
490 487
423 840
130 52
153 205
231 956
947 503
399 848
278 855
615 26
214 849
784 168
490 153
163 53
681 560
793 910
79 361
229 316
339 468
276 240
132 851
388 741
667 530
229 397
376 847
323 968
951 218
206 919
250 987
312 809
275 282
301 12
6 94
689 344
394 180
414 819
141 937
578 426
772 929
169 652
112 568
742 807
177 925
454 671
204 434
413 410
380 211
892 118
420 366
380 322
290 566
865 998
510 965
968 646
502 853
653 301
260 109
347 696
240 301
464 636
122 872
564 71
341 458
92 832
200 902
25 93
700 758
922 680
777 363
670 766
217 374
862 134
365 598
615 634
909 495
723 409
680 777
37 180
597 844
982 926
306 151
179 863
535 10
830 706
231 83
947 418
430 521
870 878
687 300
818 141
50 867
828 342
200 58
210 93
139 219
819 525
150 313
667 577
936 910
567 40
291 373
699 80
77 284
495 253
498 307
851 269
500 677
375 603
105 83
449 128
931 165
661 20
756 406
333 67
505 826
234 408
52 859
771 733
155 796
524 387
484 64
780 533
985 989
968 781
487 847
974 359
333 421
472 567
821 963
483 153
450 114
34 885
130 884
789 515
497 53
151 558
62 95
688 410
392 167
122 938
568 192
381 667
590 465
369 243
207 759
118 470
330 750
501 327
49 846
319 554
183 447
621 86
17 488
165 176
829 393
887 439
545 818
530 38
108 62
807 598
979 580
807 551
978 615
71 488
117 90
300 526
581 427
268 108
605 309
733 352
179 682
120 865
583 482
109 925
699 289
443 111
559 277
448 967
42 704
150 362
746 927
249 669
642 242
920 464
738 619
542 587
341 987
881 781
680 432
337 211
154 571
729 901
952 620
626 603
995 875
257 306
816 15
788 429
238 476
609 728
920 29
738 828
544 921
923 914
266 435
185 65
685 756
891 419
403 256
158 268
489 603
185 434
170 166
81 257
916 303
156 228
51 454
895 713
411 990
692 69
968 741
952 731
868 262
670 532
532 979
770 650
327 179
463 915
800 157
585 665
621 203
297 490
38 317
350 483
795 146
652 569
65 369
606 176
499 729
2 322
40 145
763 503
451 729
752 100
537 632
633 999
799 472
984 375
174 377
524 801
597 757
490 19
349 460
282 263
528 51
34 420
396 259
866 585
850 194
832 857
814 985
230 502
828 467
91 298
757 922
183 250
944 402
265 332
62 821
460 132
667 678
391 798
231 607
453 737
113 528
846 72
116 941
500 524
375 944
195 54
752 573
971 649
698 451
235 291
51 663
786 542
654 514
320 692
981 705
184 931
143 220
673 901
807 69
699 580
579 250
708 926
506 274
802 327
607 88
398 394
517 193
919 621
958 45
134 531
198 486
554 70
192 697
27 202
65 819
499 825
39 611
978 781
22 349
70 959
400 343
603 563
292 333
312 515
192 41
943 46
545 619
486 655
841 492
161 866
606 172
183 741
349 157
95 425
570 542
130 611
334 738
38 88
823 298
625 615
684 336
336 770
980 263
782 565
732 864
71 726
864 296
809 505
991 897
723 95
559 717
102 168
822 657
2 874
684 658
778 383
922 544
223 797
720 687
936 636
380 808
272 635
76 561
771 595
25 853
599 839
391 770
869 766
949 820
950 23
219 27
402 601
935 321
497 861
778 140
634 834
301 529
962 315
368 974
139 813
206 694
181 124
124 735
796 67
583 625
473 438
496 403
763 144
710 505
310 690
350 895
522 890
216 383
109 12
456 351
648 812
423 582
504 698
502 965
468 861
109 157
476 672
888 800
406 671
557 949
924 88
658 12
46 370
62 508
84 156
856 429
456 539
685 971
221 261
847 753
459 656
499 927
852 153
355 451
230 733
601 415
123 623
688 971
648 360
888 621
795 459
944 911
50 62
714 233
228 215
322 938
452 781
419 92
757 6
763 669
729 541
148 501
116 33
262 405
286 287
489 145
635 276
441 71
131 526
101 260
323 790
729 831
309 727
419 267
918 819
685 92
686 335
727 417
239 657
238 342
774 274
309 29
202 121
432 910
372 527
245 775
855 434
547 869
772 902
111 162
739 717
115 295
797 501
553 881
517 982
441 771
151 696
177 608
794 825
579 403
87 266
808 833
783 576
958 139
62 92
359 906
376 694
469 70
703 904
180 15
539 576
857 643
767 113
288 120
459 961
497 278
260 246
161 607
626 301
654 498
122 252
378 98
964 941
363 250
40 807
559 208
407 71
984 126
452 572
74 458
58 983
39 952
965 890
602 548
248 134
992 968
990 199
648 260
588 277
504 240
176 517
874 420
140 160
823 509
97 5
176 660
908 93
55 132
700 223
800 744
832 975
893 517
996 757
633 149
923 553
841 992
658 726
277 92
806 4
478 823
708 336
340 956
881 780
608 68
36 469
864 62
771 538
189 965
923 887
581 895
234 362
239 31
78 155
412 56
868 47
591 475
59 762
707 182
998 491
444 425
865 71
768 82
773 54
609 584
721 22
225 839
981 556
967 521
180 461
806 393
20 374
60 811
320 728
542 407
545 401
484 859
876 6
165 550
198 729
859 305
626 28
990 581
658 691
668 473
322 157
260 100
622 16
38 193
93 965
848 189
654 753
575 442
126 798
532 495
352 823
919 441
173 695
84 502
446 757
484 520
964 882
969 936
382 759
346 553
57 570
353 467
703 471
969 830
494 848
867 214
959 654
451 843
841 503
1 744
734 394
112 181
476 45
349 184
350 371
960 451
672 311
896 891
92 734
97 176
79 960
838 119
71 604
553 229
511 277
712 840
11 753
712 578
840 407
303 633
954 387
315 71
248 34
768 579
823 231
846 316
774 553
25 94
763 818
859 691
954 229
883 313
295 415
742 76
559 526
376 821
400 613
703 627
141 134
372 417
101 173
675 146
380 884
931 380
594 478
759 952
872 708
637 92
436 821
589 217
276 158
221 677
836 310
485 288
12 688
943 391
439 723
116 588
617 161
47 578
393 47
58 459
196 792
53 93
219 333
575 248
261 96
877 768
190 763
310 727
646 349
118 492
829 750
133 311
528 807
165 230
477 692
776 85
449 147
669 682
14 501
307 109
1 810
311 525
576 930
226 103
152 894
506 215
108 7
701 246
481 403
389 640
213 972
438 547
899 207
903 751
536 755
642 375
553 176
274 595
253 416
940 624
832 105
249 905
856 159
965 695
697 881
257 780
238 460
993 26
940 519
316 297
724 158
818 231
305 56
326 918
520 613
297 684
615 20
248 62
74 488
383 592
77 485
41 663
775 868
228 535
211 291
908 331
254 710
585 466
186 111
885 431
888 125
459 606
11 72
361 3
713 374
362 876
552 692
348 271
987 224
698 117
493 407
845 194
257 377
223 562
703 740
944 157
708 78
732 340
806 759
773 502
807 288
849 16
45 756
281 540
321 479
876 165
506 597
413 487
623 34
626 834
592 830
350 578
868 923
336 252
677 763
470 107
76 246
599 138
510 971
973 465
612 23
354 355
193 612
725 336
742 662
284 26
412 71
624 589
826 725
612 230
907 828
198 857
822 334
795 831
908 630
103 648
443 665
498 740
10 748
1000 638
984 99
144 794
273 186
114 980
406 510
745 922
349 59
912 287
1 720
53 791
245 63
999 874
231 252
514 366
184 841
940 596
481 153
814 197
887 529
984 304
32 653
16 2
344 911
608 748
571 464
609 133
461 712
889 199
528 493
966 275
438 216
184 935
295 577
387 522
453 203
818 282
76 880
23 551
48 145
391 67
267 113
254 227
20 799
115 155
103 458
509 943
592 621
111 975
722 224
257 171
944 42
320 614
431 980
656 766
822 15
971 707
897 228
494 978
573 855
246 861
254 226
232 251
87 39
767 641
716 661
704 793
869 113
730 777
470 4
800 695
393 103
233 608
626 126
164 806
632 602
762 521
194 77
52 83
234 858
705 846
385 884
243 680
414 745
62 191
563 502
191 537
484 533
147 671
421 4
943 387
400 257
470 753
734 431
60 562
558 921
497 360
602 549
687 236
549 203
474 823
71 635
58 566
723 824
591 957
504 2
990 486
442 312
483 908
762 385
12 250
710 993
490 76
550 638
872 956
653 383
529 945
845 983
976 650
575 747
41 751
619 310
983 841
548 250
641 392
381 23
571 75
918 988
868 543
707 923
189 179
907 77
56 519
595 814
519 700
431 1000
30 2
157 399
164 442
911 291
533 477
848 257
833 627
708 789
690 776
713 761
220 991
367 920
977 828
491 487
462 900
711 967
968 521
843 663
366 352
95 866
254 286
412 24
513 547
436 150
242 357
425 131
725 264
772 588
937 376
294 943
21 877
790 591
347 787
830 860
193 137
472 448
571 860
457 364
365 395
434 4
587 214
978 585
709 695
927 811
447 879
601 327
253 972
684 906
174 870
577 766
594 437
201 865
121 170
680 225
887 443
274 782
3 340
277 157
443 141
362 87
628 334
650 616
188 959
636 562
270 889
760 858
311 65
337 172
505 918
146 842
382 332
557 88
6 230
690 957
840 84
113 534
628 962
613 321
426 381
851 436
822 247
241 426
773 401
760 890
7 857
625 506
937 664
129 971
350 615
863 574
40 48
51 518
454 705
384 679
408 160
167 228
960 838
930 398
256 609
9 365
968 692
713 722
521 4
853 730
999 701
194 292
970 389
558 644
32 564
861 557
592 302
520 91
961 255
815 140
691 402
903 611
550 107
457 264
757 925
667 397
282 165
389 655
931 528
993 319
596 140
67 854
966 10
714 243
808 116
629 452
741 175
554 555
3 291
386 169
912 97
676 26
568 899
842 238
420 667
771 806
31 771
59 8
888 416
447 609
413 561
430 913
713 27
525 99
166 959
279 628
429 295
31 503
414 389
253 163
327 860
20 772
902 366
872 515
928 789
103 417
417 272
630 761
555 534
771 597
423 478
478 927
430 738
470 799
254 934
921 277
665 363
629 602
261 272
651 904
4 566
167 938
265 469
850 744
483 273
158 315
260 367
686 749
605 949
893 311
17 692
808 871
203 879
976 45
885 915
635 864
651 711
621 333
379 46
864 658
811 509
705 658
47 839
998 877
30 531
713 915
327 87
610 529
403 383
332 303
298 363
653 547
636 253
928 46
503 310
363 387
432 418
212 356
36 650
648 823
994 402
904 918
868 431
44 250
147 608
60 135
596 305
212 58
50 429
457 437
486 824
714 23
697 803
737 862
595 912
776 398
676 175
673 641
844 997
206 314
122 889
45 904
658 609
534 180
75 689
629 250
847 55
279 555
12 166
571 177
2 844
646 557
205 265
543 191
232 591
840 142
419 269
811 639
495 254
932 757
224 947
816 102
380 957
396 954
366 248
902 116
81 120
320 976
137 318
357 475
591 142
219 406
475 768
243 284
526 691
972 895
539 804
419 503
392 219
748 662
125 945
759 310
281 793
352 201
627 672
152 618
27 406
947 809
752 447
255 708
91 623
248 878
985 15
114 535
977 659
527 195
948 308
71 199
648 40
684 115
23 17
267 873
178 26
951 693
2 236
153 872
260 564
709 355
984 414
692 599
179 956
805 848
933 363
718 723
107 411
524 824
642 431
156 651
343 651
595 898
63 536
42 773
25 241
546 405
989 343
978 200
555 317
410 684
766 187
232 951
87 488
246 783
945 101
640 240
111 83
613 189
831 330
500 358
185 42
618 261
158 224
731 858
916 468
259 843
974 326
891 420
618 660
195 381
488 497
90 77
190 160
284 445
660 832
536 206
204 68
868 35
906 448
247 38
506 364
325 744
786 874
548 925
381 700
661 602
942 921
854 101
216 313
969 476
455 490
494 628
706 420
895 552
52 854
331 497
882 677
863 598
830 861
692 870
506 177
587 120
297 250
481 373
65 374
130 266
922 798
245 69
746 570
378 870
255 695
192 238
653 47
72 916
642 662
258 25
214 990
50 855
966 457
288 800
861 61
607 457
205 569
386 373
280 752
968 317
988 160
664 534
104 547
853 954
719 217
534 495
224 908
723 418
793 284
127 856
470 897
362 886
699 157
8 824
542 821
928 889
506 861
785 852
290 106
713 795
721 854
668 891
100 277
465 144
428 284
394 156
507 381
848 351
955 469
176 476
567 789
205 729
275 480
890 665
474 580
577 590
916 351
77 869
15 781
674 793
967 892
34 696
652 24
365 42
916 718
260 426
392 98
66 73
138 586
160 14
60 559
194 293
178 926
506 499
757 845
87 530
327 3
844 431
758 301
907 867
70 803
181 586
610 876
682 417
388 276
796 185
947 63
490 702
622 767
364 155
257 759
790 475
767 279
606 147
992 515
59 444
226 327
970 996
430 69
454 319
93 149
24 900
28 608
305 941
605 378
532 944
75 519
62 188
923 740
72 799
605 235
788 957
771 809
707 679
64 675
746 835
339 387
989 253
242 546
774 523
352 238
116 127
138 377
121 423
174 411
858 680
654 865
167 758
216 1000
712 941
795 807
804 309
499 143
12 624
215 91
245 800
599 817
125 842
896 82
241 341
42 654
375 774
712 282
821 408
548 608
437 495
78 499
236 41
941 591
691 900
289 168
934 280
26 813
8 272
25 662
714 966
363 612
950 598
130 799
898 949
259 673
647 530
341 101
778 606
765 990
89 101
290 788
882 666
739 105
99 156
448 388
250 16
35 740
278 344
905 418
892 566
730 393
18 893
60 128
615 630
529 399
948 631
164 166
58 929
117 66
444 150
368 192
330 285
352 317
631 633
612 282
410 149
656 165
558 629
880 835
790 176
222 918
996 845
64 272
317 610
790 35
150 322
79 216
250 694
490 249
788 704
461 142
771 914
314 75
23 545
428 55
696 532
784 295
659 853
452 189
538 986
116 194
758 689
559 960
391 978
713 272
841 811
401 854
347 62
151 123
931 247
759 973
885 562
445 645
462 285
987 206
661 129
898 597
866 50
521 566
851 623
798 42
466 706
450 223
626 868
533 296
588 404
831 55
722 64
215 818
146 343
729 378
129 675
593 390
937 660
351 402
541 126
869 337
462 985
570 926
240 277
591 772
762 646
350 265
88 873
985 413
235 522
623 407
476 784
312 881
743 882
924 8
230 771
503 277
108 427
200 934
208 593
784 522
415 693
147 639
575 583
965 871
693 948
342 750
456 649
221 407
494 917
44 624
373 204
625 595
10 691
528 444
148 549
741 930
413 583
629 66
366 601
662 26
22 421
500 999
961 659
801 22
435 884
956 402
305 288
90 534
107 604
864 49
211 586
896 252
860 165
590 970
112 901
600 666
512 268
930 23
608 165
538 720
688 322
962 484
689 356
284 664
237 856
725 579
962 279
543 726
255 820
608 387
863 693
609 958
518 16
556 867
523 362
968 523
832 556
420 686
476 886
811 439
260 439
500 953
108 745
676 127
330 703
147 991
539 545
673 503
207 710
364 914
368 469
596 549
49 878
359 649
431 12
754 409
813 868
378 901
14 399
769 900
1 892
148 901
763 282
70 698
912 458
749 291
921 556
848 764
946 169
305 333
533 647
692 95
683 714
447 873
949 514
328 511
705 423
465 698
374 522
196 318
382 1
660 884
278 844
523 231
83 228
340 765
805 776
845 616
461 799
499 404
121 600
543 225
552 332
609 429
495 192
40 931
104 691
250 849
805 695
898 507
612 939
314 242
335 600
855 273
927 868
362 646
163 971
314 357
812 36
778 148
615 83
177 539
15 719
55 734
739 697
556 33
613 208
426 266
621 869
485 446
569 459
588 481
293 715
370 290
52 102
898 942
909 694
268 910
765 584
380 426
218 317
229 493
136 104
764 256
450 856
715 204
535 569
347 704
184 423
302 452
678 35
501 172
339 833
251 413
749 374
153 569
127 294
438 695
365 621
648 481
44 794
597 962
209 897
675 904
57 706
183 737
629 337
961 799
249 29
325 144
453 107
400 105
439 392
323 18
939 832
177 153
286 517
948 690
254 409
6 644
957 700
482 540
908 96
547 416
538 37
900 972
44 350
119 954
335 873
840 261
291 463
148 332
991 786
563 571
414 395
91 266
58 433
312 262
370 511
33 757
909 620
883 135
854 697
561 191
551 988
185 163
389 361
754 702
928 757
142 563
275 398
868 823
619 801
872 434
389 748
588 438
898 656
648 611
610 717
76 241
152 737
538 578
327 694
657 644
513 760
164 668
237 66
76 64
574 963
207 798
346 714
981 554
810 546
42 195
939 339
854 296
999 675
302 625
105 865
969 916
201 610
109 153
239 735
687 774
908 625
294 836
387 34
460 596
924 459
946 271
784 702
770 993
766 675
424 61
151 58
961 842
545 523
819 84
714 130
707 395
663 223
848 327
465 992
836 753
171 874
442 432
687 186
669 157
908 181
801 963
988 331
438 812
115 977
997 531
672 592
400 999
343 737
35 176
875 2
45 23
180 770
452 47
895 261
665 186
993 773
318 944
417 321
737 280
794 321
318 515
263 134
233 41
418 109
440 653
884 200
523 18
542 882
263 742
401 742
866 228
919 157
841 516
797 249
593 219
46 957
560 492
621 525
825 205
474 214
882 251
845 453
740 237
752 723
973 353
117 917
263 731
216 432
753 255
471 532
19 143
845 631
204 177
423 913
482 463
209 525
302 546
513 629
787 146
146 118
152 923
557 675
764 328
145 182
806 45
922 614
796 115
804 582
951 913
787 880
166 351
23 418
501 100
691 460
141 19
269 94
143 581
331 493
369 562
317 818
148 355
88 166
735 780
467 542
101 864
999 139
72 634
179 958
1 418
554 606
633 959
649 674
948 874
127 941
610 345
295 657
371 343
776 571
797 847
173 53
713 64
508 580
741 562
153 57
463 284
568 24
605 67
194 730
978 55
31 457
966 540
254 770
79 287
902 308
573 775
190 501
816 4
245 886
428 314
160 568
837 658
786 676
128 6
555 481
856 157
725 977
835 113
312 763
711 738
717 77
738 936
261 231
727 20
308 134
267 683
938 172
151 585
762 552
941 807
565 75
878 386
881 430
826 537
791 537
648 793
612 42
815 407
964 751
804 900
252 713
779 74
181 707
403 697
901 218
481 681
978 703
528 846
60 363
537 695
316 221
632 966
500 401
106 520
586 318
625 284
18 834
947 109
478 328
541 566
598 457
291 871
148 740
922 911
689 904
632 238
150 80
197 113
783 670
519 964
705 422
809 12
546 866
658 532
515 165
220 165
349 455
334 421
563 689
767 177
77 509
24 759
408 342
696 523
898 62
896 443
20 867
992 20
41 712
546 439
103 446
758 18
125 66
732 46
235 143
279 819
48 43
732 477
517 743
76 409
2 596
594 474
483 617
376 535
327 552
20 48
39 244
844 425
371 796
704 836
815 740
307 949
492 399
897 451
664 498
794 893
1000 74
431 348
358 788
731 298
475 616
612 127
948 89
833 588
273 501
915 400
882 997
5 504
925 311
798 575
568 108
221 538
601 728
403 725
387 184
194 338
912 521
87 669
18 900
94 666
961 252
500 146
908 989
691 407
674 731
198 133
515 709
164 317
352 565
957 104
780 694
598 378
620 486
454 354
248 501
247 761
654 299
60 827
222 809
836 557
653 81
103 30
207 12
872 5
861 31
641 299
737 813
260 644
741 586
836 850
931 62
652 134
419 274
719 903
388 739
405 203
867 912
357 194
766 102
15 524
475 27
438 790
980 704
73 612
256 4
556 119
298 643
637 124
911 503
452 392
792 101
96 434
684 211
255 894
879 144
20 187
868 903
963 941
503 124
859 204
632 682
299 353
798 889
820 209
397 640
894 966
18 183
39 335
27 399
895 652
610 556
114 671
167 491
761 680
230 869
952 167
510 897
39 264
910 224
144 911
967 17
420 591
79 753
562 749
429 930
265 577
696 283
992 690
347 973
443 778
909 489
303 878
930 471
884 631
421 735
926 884
891 633
842 47
556 523
734 209
681 491
365 882
651 996
999 883
865 247
558 210
816 477
962 861
908 5
361 304
880 980
664 545
574 22
97 478
478 717
466 876
706 880
33 950
434 527
724 924
802 994
451 208
289 669
987 290
915 705
698 819
441 330
115 159
153 382
279 778
485 49
125 10
641 465
267 184
834 546
673 992
141 886
515 580
285 107
413 86
811 175
573 964
977 187
150 895
599 68
584 483
514 734
842 935
517 977
366 473
498 374
159 884
455 221
665 535
318 47
231 208
239 235
531 954
787 36
773 25
995 137
281 911
89 214
530 997
996 406
186 788
699 215
47 213
801 305
844 497
508 163
563 183
373 775
943 399
66 849
378 111
71 192
164 486
922 662
727 262
389 691
619 960
602 702
677 160
190 596
224 456
723 990
151 89
62 620
283 321
114 176
924 749
57 875
326 816
588 547
883 661
188 177
705 473
279 362
751 171
121 146
917 927
851 96
443 106
275 924
167 602
416 534
746 921
656 417
659 770
267 145
196 9
452 147
492 992
557 112
634 933
484 268
929 393
881 912
882 427
475 67
95 667
996 423
634 54
372 505
930 112
594 690
823 834
920 99
295 165
563 110
450 142
43 154
241 275
495 354
7 902
47 693
753 440
55 922
259 989
631 443
503 36
603 154
699 687
239 681
481 974
8 298
17 947
664 894
604 736
808 689
181 849
369 145
901 72
998 808
123 494
839 492
143 277
576 556
777 459
796 33
246 488
268 714
914 84
649 769
479 370
725 118
766 834
632 474
739 390
353 327
80 761
135 651
382 986
883 851
439 305
169 309
873 784
871 274
247 532
782 769
110 960
303 663
292 132
496 567
129 353
383 298
809 391
957 519
762 417
750 882
879 586
438 132
595 3
686 174
456 432
599 603
546 581
84 516
326 585
486 77
115 166
131 589
885 470
101 327
780 870
840 201
324 442
257 487
405 807
686 392
524 355
214 409
680 208
180 537
328 780
366 196
6 117
138 53
211 985
584 93
531 566
159 814
974 310
613 222
100 487
690 857
30 398
103 748
397 953
843 585
478 737
186 648
904 467
632 440
247 481
301 713
565 908
90 44
886 728
319 805
527 320
655 191
693 104
22 384
795 520
725 357
551 463
701 446
846 697
498 539
541 213
249 487
191 460
982 457
843 917
829 346
744 878
393 494
169 848
991 442
938 818
98 183
285 697
456 997
255 511
203 272
669 595
106 621
889 815
362 499
839 135
951 585
202 88
408 759
157 964
503 658
876 136
828 107
520 780
776 406
832 332
358 222
857 717
35 265
236 766
780 85
505 747
396 334
845 697
662 81
719 96
900 974
483 968
487 668
288 958
528 851
314 20
650 520
23 542
119 805
745 398
633 580
988 2
965 369
315 309
271 512
591 203
154 970
85 870
343 402
613 272
6 198
983 226
504 378
509 887
780 616
160 609
714 911
767 923
973 25
998 436
67 210
450 246
656 949
806 635
533 273
78 921
984 873
941 588
526 586
319 968
986 87
971 393
299 276
926 445
432 691
52 68
536 777
403 274
134 614
651 584
284 23
144 738
290 928
221 972
298 343
943 261
356 417
426 663
511 775
900 72
408 902
529 680
766 779
838 756
142 143
933 128
607 57
830 792
706 282
144 799
916 801
889 301
870 334
383 63
13 388
966 106
714 19
236 339
183 884
694 302
975 200
79 903
692 750
115 979
331 702
704 180
580 527
982 883
165 571
101 995
135 151
562 129
943 524
469 917
715 997
183 139
314 86
374 786
328 102
111 869
242 724
279 773
817 166
34 200
642 779
717 325
400 262
370 368
354 877
507 329
839 657
509 795
864 886
516 132
101 113
402 710
632 385
716 695
442 917
308 172
475 693
171 156
119 226
398 469
56 172
475 546
811 76
787 39
57 838
830 75
647 627
173 828
974 518
882 810
78 592
28 112
525 835
571 966
822 913
404 525
74 357
493 621
978 975
155 236
191 762
219 358
992 607
221 355
778 802
122 472
529 104
783 535
52 515
211 125
98 321
69 192
785 151
245 399
140 45
901 147
537 647
535 148
59 199
442 197
171 897
432 499
400 988
309 531
201 186
918 247
595 678
627 303
338 5
379 723
537 376
35 63
77 424
738 610
345 848
224 851
10 242
357 25
935 694
81 207
134 83
941 353
928 704
287 627
361 313
388 986
607 557
428 459
267 975
967 630
845 22
243 508
816 868
802 459
697 231
702 368
270 966
165 549
694 756
95 873
812 647
946 657
872 71
911 125
404 860
976 376
902 912
227 14
338 755
29 284
748 916
285 946
187 908
518 704
227 415
341 395
802 816
747 381
716 201
298 157
394 751
946 322
505 146
689 206
549 807
979 502
541 387
50 414
280 891
108 168
491 48
398 924
439 304
948 414
153 991
324 472
176 584
528 765
694 377
395 950
841 330
955 104
145 323
29 576
184 663
386 47
31 875
839 960
480 173
723 219
481 196
634 258
376 494
783 777
292 788
844 809
166 773
888 393
979 244
512 943
543 843
275 955
93 960
386 480
127 673
275 552
295 405
900 777
304 40
620 614
348 289
719 850
944 24
484 289
466 980
529 690
931 354
823 816
168 854
105 189
684 233
319 70
985 542
167 680
574 712
927 151
406 825
687 827
708 901
412 202
731 300
860 712
60 692
243 758
781 756
599 365
289 482
364 866
554 446
973 440
367 665
892 328
549 761
456 776
356 541
868 765
530 214
1 812
734 334
758 336
895 857
252 973
625 173
991 465
978 919
115 504
411 334
722 176
434 37
424 211
939 820
335 423
227 742
28 461
140 151
500 518
582 381
740 936
300 973
727 193
822 590
112 437
624 822
469 423
552 13
384 399
844 845
663 267
131 650
461 687
297 662
317 715
456 49
386 452
465 325
708 263
391 85
774 428
295 963
987 472
381 105
737 241
785 961
261 633
745 286
626 523
491 646
989 411
2 647
371 988
408 82
228 883
767 538
113 565
516 940
388 515
116 904
157 218
622 406
146 589
437 122
258 863
336 99
119 360
375 770
546 42
238 14
631 461
726 554
531 819
698 424
165 465
657 475
760 633
764 65
765 760
712 508
161 362
53 300
401 315
844 233
276 525
474 847
282 718
630 93
907 933
360 918
623 383
381 864
41 381
773 948
902 600
174 579
526 788
484 639
695 947
165 132
481 727
9 872
160 268
921 365
38 493
666 522
351 894
390 890
905 422
75 635
268 354
749 343
749 577
559 170
853 329
531 461
184 736
645 573
29 636
995 696
959 117
193 406
748 416
586 455
658 952
608 627
861 863
202 460
974 614
196 738
880 839
989 59
496 624
463 404
965 50
396 371
221 194
850 242
443 200
82 136
469 361
84 718
571 507
589 599
112 703
965 121
575 864
221 190
396 593
993 907
733 841
310 186
674 409
713 485
863 959
956 364
959 360
564 632
926 99
931 395
577 609
64 348
512 66
882 246
263 583
548 791
935 209
848 57
585 174
759 269
134 432
217 926
346 826
989 980
77 698
243 686
303 200
964 758
490 833
696 108
289 426
420 916
78 796
468 888
17 480
71 45
522 635
942 608
140 490
178 821
752 146
456 943
656 426
437 820
699 489
444 80
834 424
286 791
602 700
640 913
145 469
883 889
494 814
575 579
615 662
65 286
325 196
87 933
737 780
41 789
259 234
698 657
145 759
383 419
59 361
352 477
405 333
866 535
843 921
412 779
383 304
956 328
797 919
37 648
653 232
442 850
127 831
404 141
810 773
945 773
46 661
357 806
750 967
107 707
344 655
50 609
452 157
181 505
522 391
318 546
210 347
798 360
46 525
106 280
950 39
399 295
661 48
20 936
681 786
831 480
245 883
30 1
547 953
911 440
368 958
349 981
981 580
432 911
825 936
879 101
998 637
546 82
793 669
399 106
612 503
575 205
9 228
47 548
196 783
536 211
220 836
212 596
160 231
142 955
824 78
132 117
632 747
104 324
412 389
950 909
611 407
169 136
652 723
341 394
660 530
99 216
83 575
445 444
855 753
640 974
2 427
147 558
477 843
781 147
782 916
658 222
571 707
684 866
459 333
887 689
835 778
54 169
415 314
951 660
574 421
64 446
136 539
692 560
144 881
371 391
705 443
373 349
139 317
909 785
20 948
477 271
867 667
111 87
875 900
179 701
202 742
149 989
7 403
174 384
254 210
112 711
521 775
295 404
23 613
483 652
751 511
456 244
475 48
37 793
702 721
703 632
650 372
816 84
870 411
11 178
506 870
147 466
348 651
190 359
410 828
574 638
774 108
423 22
544 957
881 761